50
0 2
0 1
20 21
0 32
3 4
4 5
0 6
7 9
4 7
9 11
2 14
3 19
5 211
3 42
52 210 
33 44
55 69 
31 41
53 210 
31 40
10 12
10 11
120 121
10 132
13 14
14 15
10 16
17 19
14 17
19 111
12 114
13 119
15 1211
13 142
152 1210 
133 144
155 169 
131 141
153 1210 
131 140
20 22
20 21
220 221
20 232
23 24
24 25
20 26
27 29
24 27
29 211
22 214
23 219
25 2211
23 242
252 2210 
233 244
255 269 
231 241
253 2210 
231 240
30 32
30 31
320 321
30 332
33 34
34 35
30 36
37 39
34 37
39 311
32 314
33 139
35 2311
33 432
352 3210 
333 344
535 693 
331 413
533 2103
331 430
40 42
40 41
420 214
40 342
43 44
44 45
40 46
47 49
44 74
49 141
42 144
43 419
45 4211
43 442
452 4210 
433 444
455 694 
431 414
453 2104
341 440